eval_loss = 0.1227404239277045
f1_score = 0.8038070613409415
precision = 0.7858356940509915
recall = 0.8226196450568001
